R1:
---
           1     2     3     4     5
   1 |   0.00  0.10  0.20  0.50  0.00
   2 |   0.10  0.00  0.00  0.30  0.50
   3 |   0.20  0.00  0.00  0.10  0.10
   4 |   0.00  0.60  0.50  0.00  0.00
   5 |   0.00  0.50  0.10  0.40  0.00

R2:
---
           1     2     3     4     5
   1 |   0.00  0.30  0.50  0.50  0.00
   2 |   0.80  0.00  0.00  0.00  0.50
   3 |   0.50  0.00  1.00  0.10  0.10
   4 |   0.50  0.00  0.20  1.00  0.00
   5 |   0.00  0.40  0.10  0.00  1.00

R1 ∪ R2:
--------
           1     2     3     4     5
   1 |   0.00  0.30  0.50  0.50  0.00
   2 |   0.80  0.00  0.00  0.30  0.50
   3 |   0.50  0.00  1.00  0.10  0.10
   4 |   0.50  0.60  0.50  1.00  0.00
   5 |   0.00  0.50  0.10  0.40  1.00

R1 ∩ R2:
--------
           1     2     3     4     5
   1 |   0.00  0.10  0.20  0.50  0.00
   2 |   0.10  0.00  0.00  0.00  0.50
   3 |   0.20  0.00  0.00  0.10  0.10
   4 |   0.00  0.00  0.20  0.00  0.00
   5 |   0.00  0.40  0.10  0.00  0.00

R1 \ R2:
--------
           1     2     3     4     5
   1 |   0.00  0.10  0.20  0.50  0.00
   2 |   0.10  0.00  0.00  0.30  0.50
   3 |   0.20  0.00  0.00  0.10  0.10
   4 |   0.00  0.60  0.50  0.00  0.00
   5 |   0.00  0.50  0.10  0.40  0.00

R1 Δ R2:
--------
           1     2     3     4     5
   1 |   0.00  0.30  0.50  0.50  0.00
   2 |   0.80  0.00  0.00  0.30  0.50
   3 |   0.50  0.00  1.00  0.10  0.10
   4 |   0.50  0.60  0.50  1.00  0.00
   5 |   0.00  0.50  0.10  0.40  1.00

R1 ∘ R2 (max-min):
------------------
           1     2     3     4     5
   1 |   0.50  0.00  0.20  0.50  0.10
   2 |   0.30  0.40  0.20  0.30  0.50
   3 |   0.10  0.20  0.20  0.20  0.10
   4 |   0.60  0.00  0.50  0.10  0.50
   5 |   0.50  0.00  0.20  0.40  0.50

R1 ∘ R2 (max-prod):
-------------------
           1     2     3     4     5
   1 |   0.25  0.00  0.20  0.50  0.05
   2 |   0.15  0.20  0.06  0.30  0.50
   3 |   0.05  0.06  0.10  0.10  0.10
   4 |   0.48  0.00  0.50  0.05  0.30
   5 |   0.40  0.00  0.10  0.40  0.25

¬R1:
----
           1     2     3     4     5
   1 |   1.00  0.90  0.80  0.50  1.00
   2 |   0.90  1.00  1.00  0.70  0.50
   3 |   0.80  1.00  1.00  0.90  0.90
   4 |   1.00  0.40  0.50  1.00  1.00
   5 |   1.00  0.50  0.90  0.60  1.00

Властивості R1:
---------------
Рефлексивність       : Ні
Іррефлексивність     : Так
Симетричність        : Ні
Антисиметричність    : Ні
Асиметричність       : Ні
Транзитивність       : Ні
