0.0252441295 1.0252441295 0.0252441295 1.0252441295 0.0252441295 0.5252441295 2.2052441295
0.1272789228 0.9272789228 0.2172789228 0.9372789228 0.2072789228 0.6272789228 2.2472789228
0.2042336002 0.8042336002 0.2942336002 0.8142336002 0.2842336002 0.7042336002 2.2342336002
0.2772959251 0.6772959251 0.3672959251 0.6872959251 0.3572959251 0.7772959251 2.2172959251
0.3712322718 0.5712322718 0.4612322718 0.5812322718 0.4512322718 0.8712322718 2.2512322718
0.4916175351 0.4916175351 0.5816175351 0.5016175351 0.5716175351 0.9916175351 2.3116175351
0.6197095980 0.4197095980 0.7097095980 0.4297095980 0.6997095980 0.4197095980 2.1897095980
0.7296807474 0.3296807474 0.8196807474 0.3396807474 0.8096807474 0.3296807474 2.2196807474
0.8123635546 0.2123635546 0.9023635546 0.2223635546 0.8923635546 0.2123635546 2.2223635546
0.8836793667 0.0836793667 0.9736793667 0.0936793667 0.9636793667 0.0836793667 2.2336793667
0.9700002938 -0.0299997062 0.9700002938 -0.0299997062 0.9700002938 -0.0299997062 2.1600002938
1.9839028125 1.4839028125 1.7839028125 1.0839028125 1.9839028125 1.1839028125 6.4539028125
1.2126050111 1.3126050111 1.4126050111 1.5126050111 1.6126050111 1.7126050111 5.5326050111
0.8297182207 0.1297182207 0.7297182207 0.6297182207 0.5297182207 0.6297182207 1.9797182207
0.7195086352 0.2195086352 0.6195086352 0.7195086352 0.4195086352 0.7195086352 1.9995086352
0.5913629005 0.2913629005 0.4913629005 0.7913629005 0.2913629005 0.7913629005 2.0013629005
0.4711580752 0.3711580752 0.3711580752 0.8711580752 0.1711580752 0.8711580752 2.0411580752
0.3774703826 0.4774703826 0.2774703826 0.9774703826 0.0774703826 0.9774703826 2.1074703826
0.3044963163 0.6044963163 0.2044963163 1.8044963163 0.0044963163 1.1044963163 2.7144963163
0.2273883575 0.7273883575 0.1273883575 0.0273883575 1.1273883575 1.2273883575 2.8273883575
0.1250996692 0.8250996692 0.0250996692 0.1250996692 0.3250996692 0.5250996692 1.9150996692
-0.0002655393 0.8997344607 1.0997344607 0.1997344607 0.3997344607 0.3997344607 2.1997344607
0.8746133879 0.9746133879 1.4746133879 0.2746133879 0.4746133879 0.2746133879 2.7646133879
1.7728326491 1.0728326491 1.8728326491 0.3728326491 0.5728326491 0.1728326491 3.3628326491
0.0960294475 1.1960294475 1.8960294475 1.2960294475 0.6960294475 0.0960294475 3.2560294475
0.0228767535 1.3228767535 0.2228767535 0.5228767535 0.8228767535 0.0228767535 2.6928767535
0.7286912779 0.6286912779 0.5286912779 0.4286912779 0.3286912779 0.2286912779 2.0386912779
0.6081271736 0.5081271736 0.4081271736 0.3081271736 0.4081271736 0.4081271736 1.9681271736
0.4800909835 0.3800909835 0.2800909835 0.1800909835 0.4800909835 0.5800909835 1.9000909835
0.3703590513 0.2703590513 0.1703590513 0.0703590513 0.5703590513 0.7703590513 1.8703590513
0.2878788706 0.1878788706 0.0878788706 -0.0121211294 0.6878788706 0.9878788706 1.8778788706
0.2165428004 0.1165428004 0.0165428004 1.5165428004 0.8165428004 1.2165428004 2.5165428004
0.1299973558 0.0299973558 0.4299973558 1.3299973558 0.9299973558 1.4299973558 2.5099973558
0.0158724806 0.3158724806 1.3158724806 1.1158724806 1.0158724806 1.6158724806 2.9558724806
0.4871545199 0.3871545199 0.4871545199 0.8871545199 1.0871545199 1.7871545199 3.1471545199
0.3702466344 0.4702466344 0.3702466344 0.6702466344 1.1702466344 1.9702466344 3.2702466344
0.2806938560 0.5806938560 0.2806938560 0.4806938560 1.2806938560 0.7806938560 3.0206938560
0.2088910574 0.7088910574 0.2588910574 0.3088910574 1.4088910574 0.3088910574 3.0488910574
0.1289138616 0.8289138616 0.1689138616 0.1289138616 1.5289138616 0.4289138616 3.2589138616
0.0223533948 0.9223533948 0.0523533948 0.0223533948 1.6223533948 0.1223533948 3.3523533948
